4.85083360189
4.66009886313
4.39552825419
4.46927613994
4.26090148
4.15343386895
3.97004221834
3.79369504757
3.73171926399
3.8452251399
3.58177201027
3.43286834444
3.28814116995
3.16607784192
3.00245691417
2.84835921432
2.72503373437
2.57359766329
2.43534194758
2.31353312574
2.18718699257
2.07224155533
1.96197951892
1.85726557097
1.75907999405
1.66740532425
1.58181119984
1.50153893408
1.42575445664
1.35375745524
1.28503782939
1.21925424441
1.15616902184
1.09558368655
1.03731131372
0.981185569275
0.927073221138
0.874874373914
0.824518636533
0.775962767749
0.729187533554
0.684191217192
0.64098104286
0.599564790206
0.559943978475
0.522109679162
0.486041588149
0.451709774499
0.419077623957
0.388104694823
0.358748901451
0.330967917944
0.304719888796
0.279963602396
0.256658267652
0.234762985391
0.214236036478
0.195034217559
0.177112493286
0.160424096205
0.144920979565
0.13055439695
0.117275424093
0.105035367143
0.0937860858974
0.0834802494072
0.0740714814574
0.0655143195876
0.0577639418461
0.0507756953062
0.0445045450839
0.0389046101579
0.0339289413082
0.0295296309291
0.0256582509517
0.022266531239
0.0193071463967
0.0167344814669
0.0145052824612
0.012579143718
0.0109188231209
0.00949040093665
0.00826330922582
0.00721026082479
0.00630710434467
0.00553262759946
0.00486832794016
0.00429816459815
0.00380830525956
0.00338687650936
0.00302372538806
0.00271019709549
0.00243893192309
0.00220368286621
0.00199915409897
0.00182085957903
0.00166500044942
0.00152835956132
0.00140821129368
0.00130224483555
0.00120849917704
0.00112530818861
0.00105125432872
0.000985129688434
0.000925903246582
0.000872693363857
0.000824744684218
0.000781408736843
0.00074212764073
0.000706420408232
0.000673871424375
0.000644120747308
0.000616855933131
0.000591805137088
0.000568731284005
0.000547427135107
0.000527711106899
0.000509423721703
0.000492424589285
0.000476589835579
0.000461809908312
0.000447987700788
0.000435036944664
0.000422880830489
0.000411450821435
0.000400685631147
0.00039053034126
0.000380935638003
0.000371857150491
0.000363254876038
0.000355092680048
0.000347337859965
0.000339960764316
0.000332934459265
0.000326234436173
0.000319838354646
0.000313725816338
0.000307878165464
0.000302278312537
0.00029691057836
0.000291760555685
0.000286814986343
0.00028206165191
0.000277489276261
0.000273087438582
0.000268846495578
0.000264757511807
0.000260812197184
0.000257002850833
0.000253322310571
0.000249763907383
0.000246321424346
0.000242989059503
0.000239761392271
0.000236633352995
0.00023360019533
0.000230657471134
0.000227801007642
0.000225026886662
0.000222331425608
0.000219711160175
0.000217162828506
0.000214683356697
0.000212269845514
0.000209919558213
0.00020762990935
0.000205398454492
0.000203222880757
0.000201100998091
0.000199030731224
0.000197010112254
0.000195037273781
0.000193110442572
0.000191227933683
0.000189388145025
0.000187589552315
0.000185830704397
0.000184110218887
0.000182426778137
0.000180779125465
0.000179166061656
0.00017758644169
0.000176039171703
0.000174523206136
0.000173037545087
0.00017158123182
0.000170153350448
0.000168753023756
0.000167379411165
0.000166031706821
0.000164709137806
0.000163410962454
0.000162136468774
0.000160884972963
0.000159655818013
0.000158448372395
0.000157262028824
0.000156096203092
0.000154950332969
0.00015382387717
