4.85083360189
4.66009886313
4.39552825419
4.46927613994
4.26090148
4.15343386895
3.97004221834
3.79369504757
3.73171926399
3.8452251399
3.58177201027
3.43286834444
3.28814116995
3.16607784192
3.00245691417
2.84835921432
2.72503373437
2.57359766329
2.43534194758
2.31353312574
2.18718699257
2.07224155533
1.96197951892
1.85726557097
1.75907999405
1.66740532425
1.58181119984
1.50153893408
1.42575445664
1.35375745524
1.28503782939
1.21925424441
1.15616902184
1.09558368655
1.03731131372
0.981185569275
0.927073221138
0.874874373914
0.824518636533
0.775962767749
0.729187533554
0.684191217192
0.64098104286
0.599564790206
0.559943978475
0.522109679162
0.486041588149
0.451709774499
0.419077623957
0.388104694823
0.358748901451
0.330967917944
0.304719888796
0.279963602396
0.256658267652
0.234762985391
0.214236036478
0.195034217559
0.177112493286
0.160424096205
