5.24852558346
5.05364492811
4.73524116213
4.84283937295
4.66548059651
4.66038695063
4.49783283016
4.36714980443
4.34898120983
4.51920322434
4.16979991488
4.1001708876
3.99681562498
3.9609383356
3.79981673865
3.61955112011
3.51545667936
3.37033824668
3.25731763363
3.15594136347
3.03534710646
2.92920452265
2.82777004646
2.7314173974
2.64146960922
2.55781523237
2.47996657901
2.40727220443
2.33903749287
2.27461609721
2.21345192713
2.15508904654
2.09914055129
2.04524147985
1.99304271207
1.9422561555
1.89268918802
1.84423304377
1.79683166804
1.75045969195
1.70511025258
1.66078511203
1.61748603779
1.57520915832
1.53394286751
1.49366860085
1.45436336977
1.4160030368
1.378565573
1.34203376604
1.30639701729
1.27165202904
1.23780236198
1.20485702287
1.17282838421
1.14172981085
1.11157336113
1.08236785344
1.05411747405
1.02682098918
