5.24852558346
5.05364492811
4.73524116213
4.84283937295
4.66548059651
4.66038695063
4.49783283016
4.36714980443
4.34898120983
4.51920322434
4.16979991488
4.1001708876
3.99681562498
3.9609383356
3.79981673865
3.61955112011
3.51545667936
3.37033824668
3.25731763363
3.15594136347
3.03534710646
2.92920452265
2.82777004646
2.7314173974
2.64146960922
2.55781523237
2.47996657901
2.40727220443
2.33903749287
2.27461609721
2.21345192713
2.15508904654
2.09914055129
2.04524147985
1.99304271207
1.9422561555
1.89268918802
1.84423304377
1.79683166804
1.75045969195
1.70511025258
1.66078511203
1.61748603779
1.57520915832
1.53394286751
1.49366860085
1.45436336977
1.4160030368
1.378565573
1.34203376604
1.30639701729
1.27165202904
1.23780236198
1.20485702287
1.17282838421
1.14172981085
1.11157336113
1.08236785344
1.05411747405
1.02682098918
1.00047154135
0.975056963146
0.950560515882
0.92696193985
0.904238681911
0.882367155425
0.861323897699
0.841086523041
0.821634415098
0.802949146144
0.785014643433
0.767817140404
0.75134495614
0.735588144658
0.72053805088
0.706186805431
0.692526787505
0.679550083955
0.66724797305
0.655610461575
0.644625902735
0.634280718428
0.624559242288
0.615443689874
0.606914250748
0.598949286172
0.59152560762
0.584618806895
0.578203608698
0.572254220291
0.566744659005
0.561649045204
0.556941854487
0.552598127776
0.548593641158
0.544905039126
0.541509935545
0.538386986694
0.535515940357
0.53287766446
0.530454158285
0.528228548886
0.526185075068
0.524309060992
0.522586881364
0.521005919945
0.519554523014
0.518221949259
0.516998317384
0.515874552614
0.514842333048
0.513894036705
0.513022689911
0.512221917542
0.511485895514
0.510809305775
0.510187293975
0.509615429888
0.509089670606
0.50860632647
0.508162029652
0.50775370528
0.507378544984
0.507033982715
0.506717672685
0.506427469288
0.506161408834
0.505917692973
0.505694673643
0.50549083944
0.505304803251
0.505135291064
0.504981131834
0.504841248299
0.504714648676
0.504600419134
0.504497716976
0.504405764463
0.504323843221
0.504251289164
0.504187487888
0.504131870493
0.504083909792
0.504043116859
0.504009037891
0.503981251362
0.503959365421
0.503943015523
0.503931862276
0.50392558947
0.503923902276
0.503926525608
0.503933202615
0.50394369331
0.503957773309
0.503975232676
0.503995874863
0.504019515739
0.504045982699
0.504075113838
0.504106757198
0.504140770075
0.504177018371
0.50421537601
0.504255724389
0.504297951874
0.504341953335
0.504387629716
0.504434887637
0.504483639023
0.504533800763
0.504585294396
0.504638045809
0.504691984974
0.504747045684
0.504803165325
0.504860284652
0.504918347586
0.504977301022
0.505037094654
0.505097680809
0.505159014289
0.505221052232
0.505283753972
0.505347080918
0.505410996433
0.505475465724
0.505540455739
0.505605935072
0.50567187387
0.505738243747
0.50580501771
0.505872170075
0.505939676407
0.506007513444
0.506075659041
0.506144092112
0.506212792571
0.506281741281
0.506350920009
